0.512379,0.020508,0.858515,432,2.28,21,CAPH;CAS BETA
0.450342,0.065296,0.890465,2905,4.17,130,CAS KAPPA
0.581589,0.094643,0.807958,3360,3.69,153,CAS ZETA
0.542802,0.096948,0.834246,3712,2.24,168,SCHEDAR;CAS ALPHA
0.474230,0.119797,0.872212,5394,2.15,264,CAS GAMMA
0.544153,0.174444,0.820650,6961,4.34,343,CAS THETA
0.462045,0.181562,0.868072,8538,2.66,403,RUCHBAH;CAS DELTA
0.010128,0.007897,0.999918,8890,1.97,424,POLARIS;UMI ALPHA
0.265165,0.121564,0.956509,9774,5.28,456,
0.899508,0.426309,0.095631,10380,4.45,489,
0.389424,0.212309,0.896255,11415,3.35,542,CAS EPSILON
0.793628,0.508648,0.333814,13325,5.68,631,
0.305802,0.232677,0.923226,15089,4.46,707,CAS IOTA
0.693550,0.523418,0.494997,15257,5.29,717,
0.586911,0.727595,0.355164,21050,6.07,1027,
0.132811,0.945796,0.296362,35802,5.77,1816,
0.128743,0.988964,0.073323,36217,6.21,1837,
0.121839,0.992536,-0.005220,36486,2.25,1852,MINTAKA;ORI DELTA
0.031999,0.810746,-0.584523,39425,3.12,2040,WAZN
0.007869,0.899112,0.437648,40111,4.81,2084,
-0.010251,0.985805,0.167584,40932,4.12,2124,ORI MU
-0.059932,0.921888,0.382794,42995,3.31,2216,GEM ETA
-0.092391,0.919155,0.382907,44478,2.87,2286,GEM MU
-0.107263,0.961204,0.254129,44984,6.30,2308,
-0.157142,0.946359,0.282332,47105,1.93,2421,ALHENA;GEM GAMMA
-0.172484,0.888755,0.424692,48329,3.06,2473,MEBSUTA;GEM EPSILON
-0.191381,0.955805,0.223183,48737,3.35,2484,GEM XI
-0.189359,0.807510,0.558634,50019,3.60,2540,GEM THETA
-0.258491,0.899851,0.351356,52973,4.01,2650,GEM ZETA
-0.263867,0.822592,0.503703,54719,4.41,2697,GEM TAU
-0.320362,0.903503,0.284693,56537,3.58,2763,GEM LAMBDA
-0.317623,0.871206,0.374321,56986,3.50,2777,WASAT;GEM DELTA
-0.323228,0.823427,0.466360,58207,3.78,2821,GEM IOTA
-0.322244,0.786591,0.526720,58946,4.16,2852,GEM RHO
-0.340606,0.777765,0.528270,60178,2.88,2890,CASTOR;GEM ALPHA
-0.362465,0.814849,0.452372,60522,4.06,2905,GEM UPSILON
-0.400822,0.817747,0.413075,62345,3.57,2985,GEM KAPPA
-0.391537,0.791148,0.469877,62509,1.16,2990,POLLUX;GEM BETA
-0.393333,0.657312,-0.642830,66811,2.21,3165,
-0.298198,0.387683,0.872227,71369,3.35,3323,MUSCIDA;UMA OMICRON
-0.631779,0.768751,0.099386,73262,4.14,3410,HYA DELTA
-0.637539,0.768210,0.058287,73471,4.45,3418,HYA SIGMA
-0.652353,0.755593,0.059283,74280,4.30,3454,HYA ETA
-0.547928,0.632587,-0.547365,74575,3.68,3468,
-0.483507,0.554257,-0.677510,74772,4.05,3477,
-0.660987,0.742022,0.111797,74874,3.38,3482,HYA EPSILON
-0.689030,0.717293,0.103583,76294,3.11,3547,HYA ZETA
-0.686370,0.713909,-0.138674,76370,6.67,3553,
-0.471134,0.474377,0.743639,76644,3.12,3569,TALITHA;UMA IOTA
-0.488377,0.473163,0.733216,77327,3.57,3594,UMA KAPPA
-0.749393,0.660893,0.040394,79469,3.89,3665,HYA THETA
-0.777933,0.610046,-0.150548,81797,1.99,3748,ALPHARD;HYA ALPHA
-0.818627,0.573979,-0.019942,83618,3.90,3845,HYA IOTA
-0.435081,0.274529,0.857519,84999,3.78,3888,UMA UPSILON
-0.497844,0.310767,0.809676,85235,4.55,3894,UMA PHI
-0.818568,0.514094,-0.256231,85444,4.11,3903,HYA UPSIL1
-0.854288,0.468073,-0.226051,87504,4.60,3970,HYA UPSIL2
-0.876239,0.471852,0.097783,87682,6.20,3973,
-0.867630,0.448825,-0.213948,88284,3.61,3994,HYA LAMBDA
-0.825175,0.400059,0.398797,89010,5.95,4030,
-0.659782,0.317891,0.680906,89021,3.45,4033,TANIA BOREALIS;UMA LAMBDA
-0.681973,0.309608,0.662613,89758,3.06,4069,TANIA AUSTRALIS;UMA MU
-0.877905,0.381306,-0.289635,90432,3.83,4094,HYA MU
-0.787222,0.337596,-0.516052,90610,4.28,4104,
-0.915400,0.290277,-0.278893,93813,3.11,4232,HYA NU
-0.899609,0.268649,-0.344285,94388,5.23,4251,
-0.535916,0.138997,0.832751,95418,2.34,4295,MERAK;UMA BETA
-0.459109,0.115042,0.880900,95689,1.81,4301,DUBHE;UMA ALPHA
-0.696134,0.155399,0.700891,96833,3.00,4335,UMA PSI
-0.824062,0.150949,0.546018,98262,3.49,4377,ALULA BOREALIS;UMA NU
-0.843478,0.099816,-0.527809,100407,3.54,4450,HYA XI
-0.670744,0.040871,0.740562,102224,3.69,4518,UMA CHI
-0.829536,0.025673,-0.557863,103192,4.29,4552,HYA BETA
-0.591873,0.015941,0.805874,103287,2.41,4554,PHECDA;UMA GAMMA
-0.542930,-0.036595,0.838980,106591,3.32,4660,MEGREZ;UMA DELTA
-0.374140,-0.028751,-0.926926,106849,4.06,4671,
-0.436905,-0.035226,-0.898817,106983,4.06,4679,
-0.772004,-0.087447,0.629574,108225,5.01,4728,
-0.901764,-0.133042,0.411244,109307,6.28,4780,
-0.544292,-0.130741,0.828645,112185,1.76,4905,ALIOTH;UMA EPSILON
-0.829554,-0.223345,0.511818,112989,4.88,4924,
-0.865360,-0.310359,-0.393483,115659,2.99,5020,HYA GAMMA
-0.536543,-0.205755,0.818405,116656,2.23,5054,MIZAR;UMA ZETA
-0.851350,-0.430362,0.299986,120136,4.50,5185,BOO TAU
-0.581457,-0.294806,0.758286,120315,1.85,5191,ALKAID;UMA ETA;BENETNASCH
-0.843198,-0.438344,-0.311242,120452,4.96,5196,
-0.854516,-0.442364,0.272243,120477,4.05,5200,BOO UPSILON
-0.832538,-0.455260,0.315626,121370,2.68,5235,MUPHRID;BOO ETA
-0.761087,-0.468092,-0.449039,123123,3.25,5287,HYA PI
-0.516566,-0.340233,0.785749,124675,4.53,5329,BOO KAPPA
-0.783738,-0.527010,0.328657,124897,-0.05,5340,ARCTURUS;BOO ALPHA
-0.574328,-0.388799,0.720405,125162,4.18,5351,BOO LAMBDA
-0.497820,-0.365687,0.786415,126660,4.04,5404,BOO THETA
-0.680262,-0.530672,0.505599,127665,3.57,5429,BOO RHO
-0.618178,-0.483318,0.619887,127762,3.04,5435,SEGINUS;BOO GAMMA
-0.677892,-0.542503,0.496138,128167,4.47,5447,BOO SIGMA
-0.732838,-0.618922,0.282639,129175,5.88,5476,BOO PI
-0.614455,-0.538799,-0.576316,129685,4.92,5489,
-0.669484,-0.587057,0.455143,129988,2.35,5505,BOO EPSILON;PULCHERRIMA
-0.200728,-0.185075,0.962006,131873,2.07,5563,KOCHAB;UMI BETA
-0.533970,-0.543118,0.647995,133208,3.49,5602,NEKKAR;BOO BETA
-0.626131,-0.703497,-0.336232,134967,6.07,5656,
-0.549614,-0.629489,0.549243,135722,3.46,5681,BOO DELTA
-0.498767,-0.618639,0.607057,137391,4.31,5733,ALKALUROPS;BOO MU
-0.199642,-0.239467,0.950157,137422,3.00,5735,PHERKAD;UMI GAMMA
-0.531570,-0.793319,0.296779,140729,6.15,5858,
-0.118180,-0.175304,0.977396,142105,4.29,5903,UMI ZETA
-0.446635,-0.749868,-0.488073,142669,3.87,5928,
-0.106414,-0.221875,0.969251,148048,4.95,6116,UMI ETA
-0.250990,-0.606702,0.754265,149081,6.44,6156,
-0.043974,-0.131365,0.990358,153751,4.21,6322,UMI EPSILON
-0.007201,-0.059107,0.998226,166205,4.35,6789,UMI DELTA
0.196967,-0.563223,0.802486,181276,3.80,7328,CYG KAPPA
0.340583,-0.814974,0.468850,183912,3.05,7417,ALBIREO;CYG BETA
0.236290,-0.572532,0.785095,184006,3.76,7420,CYG IOTA
0.311959,-0.632772,0.708718,186882,2.86,7528,CYG DELTA
0.389463,-0.743676,0.543383,187796,10.50,7564,CYG CHI
0.397684,-0.715183,0.574770,188947,3.89,7615,CYG ETA
0.443786,-0.620856,0.646213,194093,2.23,7796,SADR;CYG GAMMA
0.455649,-0.536182,0.710558,197345,1.25,7924,DENEB;CYG ALPHA
0.550096,-0.620639,0.558751,197989,2.48,7949,CYG EPSILON
0.525699,-0.538829,0.658259,199629,3.94,8028,CYG NU
0.520107,-0.498194,0.693752,200905,3.72,8079,CYG XI
0.644461,-0.575525,0.503428,202109,3.21,8115,CYG ZETA
0.591622,-0.519802,0.616271,202444,3.74,8130,CYG TAU
0.586355,-0.503385,0.634659,202850,4.22,8143,CYG SIGMA
0.581418,-0.484593,-0.653546,203006,4.80,8151,
0.627270,-0.499921,0.597169,204172,5.93,8209,
0.562475,-0.416281,0.714376,205435,3.98,8252,CYG RHO
0.278759,-0.123277,-0.952416,211998,5.28,8515,
0.828759,-0.371099,-0.418860,212271,5.53,8529,
0.902182,-0.200361,-0.381999,218640,4.71,8817,
