0.873265,0.031968,0.486196,358,2.07,15,ALPHERATZ
0.512379,0.020508,0.858515,432,2.28,21,CAPH;CAS BETA
0.963482,0.055705,0.261913,886,2.83,39,ALGENIB
0.734714,0.084623,-0.673078,2261,2.40,99,ANKAA
0.574817,0.080202,0.814342,2772,4.74,123,CAS LAMBDA
0.450342,0.065296,0.890465,2905,4.17,130,CAS KAPPA
0.581589,0.094643,0.807958,3360,3.69,153,CAS ZETA
0.542802,0.096948,0.834246,3712,2.24,168,SCHEDAR;CAS ALPHA
0.625228,0.116062,0.771764,3901,4.80,179,CAS XI
0.669459,0.128518,0.731647,4058,4.95,184,CAS PI
0.933979,0.179802,-0.308796,4128,2.04,188,DIPHDA;DENEB KAITOS
0.652803,0.129036,0.746457,4180,4.48,193,CAS OMICRON
0.520462,0.113206,0.846347,4614,3.46,219,CAS ETA
0.615510,0.133171,0.776796,4636,4.90,223,CAS NU
0.474230,0.119797,0.872212,5394,2.15,264,CAS GAMMA
0.496744,0.125389,0.858792,5395,4.62,265,CAS UPSILON
0.549391,0.168530,0.818393,6582,5.17,321,CAS MU
0.775553,0.243527,0.582419,6860,2.07,337,MIRACH
0.544153,0.174444,0.820650,6961,4.34,343,CAS THETA
0.494671,0.180246,0.850183,7927,4.95,382,CAS PHI
0.346624,0.136419,0.928031,8491,4.72,399,CAS PSI
0.462045,0.181562,0.868072,8538,2.66,403,RUCHBAH;CAS DELTA
0.010128,0.007897,0.999918,8890,1.97,424,POLARIS;UMI ALPHA
0.469193,0.203846,0.859246,9408,4.68,442,CAS CHI
0.492725,0.223802,-0.840913,10144,0.45,472,ACHERNAR
0.869708,0.459807,-0.179402,11353,3.74,539,BATEN KAITOS
0.389424,0.212309,0.896255,11415,3.35,542,CAS EPSILON
0.317916,0.176224,0.931598,11529,4.97,548,CAS OMEGA
0.820248,0.448325,0.355242,11636,2.64,553,SHERATAN
0.633855,0.380477,0.673398,12533,2.10,603,ALMACH
0.779683,0.483290,0.398153,12929,2.01,617,HAMAL
0.305802,0.232677,0.923226,15089,4.46,707,CAS IOTA
0.709405,0.687621,-0.154669,18322,3.89,874,AZHA
0.543324,0.535145,-0.646853,18622,2.88,897,ACAMAR
0.698256,0.712287,0.071322,18884,2.54,911,MENKAR
0.514650,0.552710,0.655475,19356,2.09,936,ALGOL
0.469833,0.559365,-0.682911,20794,4.26,1008,82 G ERIDANI
0.404980,0.501550,0.764486,20902,1.79,1017,MIRFAK
0.507503,0.758638,0.408545,23302,3.72,1142,ELECTRA
0.498866,0.764415,0.408414,23630,2.85,1165,ALCYONE
0.493455,0.768357,0.407590,23850,3.62,1178,ATLAS
0.443248,0.724251,0.528196,24398,2.84,1203,ATIK
0.408746,0.700642,0.584831,24912,3.98,1228,MENKIB
0.493393,0.837855,-0.233585,25025,2.97,1231,ZAURAK
0.451280,0.884404,-0.119059,26574,4.04,1298,BEID
0.343905,0.894970,0.284179,29139,0.87,1457,ALDEBARAN
0.299168,0.946472,0.121198,30652,3.19,1543,ORI PI3
0.294568,0.943023,0.154715,30739,4.35,1544,ORI PI2
0.294269,0.950719,0.097672,30836,3.68,1552,ORI PI4
0.281220,0.927533,0.246166,30959,4.71,1556,ORI OMICRON1
0.282706,0.958261,0.042585,31237,3.71,1567,ORI PI5
0.275882,0.944895,0.176245,31295,4.64,1570,ORI PI1
0.266488,0.935079,0.233693,31421,4.06,1580,ORI OMICRON2
0.264814,0.963836,0.029911,31767,4.47,1601,ORI PI6
0.224698,0.970387,-0.088655,33111,2.78,1666,CURSA
0.202145,0.978083,0.049917,33856,4.46,1698,ORI RHO
0.130501,0.682303,0.719328,34029,0.08,1708,CAPELLA
0.195052,0.970363,-0.142657,34085,0.18,1713,RIGEL;ORI BETA
0.182612,0.975936,-0.119173,34503,3.59,1735,ORI TAU
0.154243,0.987147,-0.041826,35411,3.35,1788,ORI ETA
0.153134,0.987680,0.032221,35439,4.89,1789,ORI PSI1
0.150628,0.982385,0.110597,35468,1.64,1790,BELLATRIX;ORI GAMMA
0.128659,0.868439,0.478812,35497,1.65,1791,ELNATH
0.143985,0.988105,0.054003,35715,4.59,1811,ORI PSI2
0.129146,0.926117,-0.354442,36079,2.81,1829,NIHAL
0.121839,0.992536,-0.005220,36486,2.25,1852,MINTAKA;ORI DELTA
0.121178,0.984461,-0.127091,36512,4.62,1855,ORI UPSILON
0.113010,0.945279,-0.306066,36673,2.58,1865,ARNEB
0.108144,0.980369,0.164868,36822,4.39,1876,ORI PHI1
0.106645,0.979216,0.172517,36861,3.39,1879,ORI LAMBDA
0.106733,0.989798,-0.094387,37041,4.98,1897,ORI THETA
0.106420,0.988976,-0.102964,37043,2.75,1899,ORI IOTA
0.103579,0.994400,-0.020976,37128,1.69,1903,ALNILAM;ORI EPSILON
0.099278,0.981874,0.161456,37160,4.09,1907,ORI PHI2
0.092509,0.994678,-0.045364,37468,3.77,1931,ORI SIGMA
0.090460,0.993303,0.071871,37490,4.50,1934,ORI OMEGA
0.083809,0.995905,-0.033898,37742,1.74,1948,ORI ZETA
0.073456,0.825051,-0.560264,37795,2.65,1956,PHACT
0.052638,0.984386,-0.167967,38771,2.07,2004,SAIPH;ORI KAPPA
0.031999,0.810746,-0.584523,39425,3.12,2040,WAZN
0.022981,0.937750,0.346550,39587,4.39,2047,ORI CHI1
0.020891,0.991435,0.128917,39801,0.45,2061,BETELGEUSE;ORI ALPHA
0.001453,0.707754,0.706458,40183,1.90,2088,MENKALINAN
-0.010251,0.985805,0.167584,40932,4.12,2124,ORI MU
-0.016056,0.938726,0.344290,41117,4.64,2135,ORI CHI2
-0.031942,0.966436,0.254915,41753,4.42,2159,ORI NU
-0.050481,0.968092,0.245456,42560,4.45,2199,ORI XI
-0.059932,0.921888,0.382794,42995,3.31,2216,GEM ETA
-0.076609,0.862074,-0.500958,44402,3.02,2282,FURUD
-0.092391,0.919155,0.382907,44478,2.87,2286,GEM MU
-0.094069,0.946632,-0.308285,44743,1.98,2294,MIRZAM
-0.063222,0.602741,-0.795428,45348,-0.62,2326,CANOPUS
-0.118278,0.930936,0.345497,45542,4.13,2343,GEM NU
-0.157142,0.946359,0.282332,47105,1.93,2421,ALHENA;GEM GAMMA
-0.172484,0.888755,0.424692,48329,3.06,2473,MEBSUTA;GEM EPSILON
-0.191381,0.955805,0.223183,48737,3.35,2484,GEM XI
-0.187481,0.939228,-0.287580,48915,-1.44,2491,SIRIUS
-0.189359,0.807510,0.558634,50019,3.60,2540,GEM THETA
-0.221358,0.846388,-0.484383,52089,1.50,2618,ADHARA
-0.245307,0.878400,0.410169,52497,5.20,2630,GEM OMEGA
-0.258491,0.899851,0.351356,52973,4.01,2650,GEM ZETA
-0.263867,0.822592,0.503703,54719,4.41,2697,GEM TAU
-0.302268,0.911691,0.278305,55383,5.07,2717,BQ GEM
-0.320362,0.903503,0.284693,56537,3.58,2763,GEM LAMBDA
-0.317623,0.871206,0.374321,56986,3.50,2777,WASAT;GEM DELTA
-0.323228,0.823427,0.466360,58207,3.78,2821,GEM IOTA
-0.312850,0.813992,-0.489430,58350,2.45,2827,ALUDRA
-0.367292,0.918864,0.144173,58715,2.89,2845,GOMEISA
-0.322244,0.786591,0.526720,58946,4.16,2852,GEM RHO
-0.340606,0.777765,0.528270,60178,2.88,2890,CASTOR;GEM ALPHA
-0.362465,0.814849,0.452372,60522,4.06,2905,GEM UPSILON
-0.345219,0.747414,0.567623,61110,4.89,2930,GEM OMICRON
-0.418137,0.903803,0.091111,61421,0.40,2943,PROCYON
-0.381471,0.788132,0.483039,62044,4.23,2973,GEM SIGMA
-0.400822,0.817747,0.413075,62345,3.57,2985,GEM KAPPA
-0.391537,0.791148,0.469877,62509,1.16,2990,POLLUX;GEM BETA
-0.377339,0.744535,0.550711,62898,5.14,3013,GEM PI
-0.424311,0.785588,0.450346,64145,4.97,3067,GEM PHI
-0.454022,0.759229,0.466300,66216,4.94,3149,GEM CHI
-0.295572,0.412416,-0.861714,71129,1.86,3307,AVIOR
-0.298198,0.387683,0.872227,71369,3.35,3323,MUSCIDA;UMA OMICRON
-0.278780,0.331605,0.901288,73108,4.59,3403,UMA PI
-0.631779,0.768751,0.099386,73262,4.14,3410,HYA DELTA
-0.637539,0.768210,0.058287,73471,4.45,3418,HYA SIGMA
-0.608352,0.704243,0.365991,74198,4.66,3449,ASELLUS BOREALIS
-0.652353,0.755593,0.059283,74280,4.30,3454,HYA ETA
-0.625540,0.715272,0.311586,74442,3.94,3461,ASELLUS AUSTRALIS
-0.660987,0.742022,0.111797,74874,3.38,3482,HYA EPSILON
-0.667056,0.738032,0.101714,75137,4.35,3492,HYA RHO
-0.689030,0.717293,0.103583,76294,3.11,3547,HYA ZETA
-0.471134,0.474377,0.743639,76644,3.12,3569,TALITHA;UMA IOTA
-0.687433,0.696572,0.205483,76756,4.26,3572,ACUBENS
-0.272092,0.266114,0.924743,76827,4.74,3576,UMA RHO
-0.488377,0.473163,0.733216,77327,3.57,3594,UMA KAPPA
-0.722431,0.685723,0.088761,77996,4.99,3613,HYA OMEGA
-0.286935,0.262026,0.921418,78154,4.80,3616,UMA SIGMA
-0.330014,0.299986,0.895042,78362,4.67,3624,UMA TAU
-0.749393,0.660893,0.040394,79469,3.89,3665,HYA THETA
-0.258826,0.230597,-0.937995,80007,1.67,3685,MIAPLACIDUS
-0.387182,0.333351,-0.859632,80404,2.21,3699,ASPIDISKE
-0.777933,0.610046,-0.150548,81797,1.99,3748,ALPHARD;HYA ALPHA
-0.496628,0.371281,0.784545,82328,3.17,3775,UMA THETA
-0.798418,0.601749,-0.020675,82446,4.54,3787,HYA TAU
-0.818627,0.573979,-0.019942,83618,3.90,3845,HYA IOTA
-0.794399,0.554663,-0.247544,83754,5.07,3849,HYA KAPPA
-0.435081,0.274529,0.857519,84999,3.78,3888,UMA UPSILON
-0.497844,0.310767,0.809676,85235,4.55,3894,UMA PHI
-0.818568,0.514094,-0.256231,85444,4.11,3903,HYA UPSIL1
-0.763762,0.473709,0.438482,85503,3.88,3905,RASALAS
-0.854288,0.468073,-0.226051,87504,4.60,3970,HYA UPSIL2
-0.864507,0.457857,0.207352,87901,1.36,3982,REGULUS
-0.867630,0.448825,-0.213948,88284,3.61,3994,HYA LAMBDA
-0.659782,0.317891,0.680906,89021,3.45,4033,TANIA BOREALIS;UMA LAMBDA
-0.825972,0.399780,0.397426,89025,3.43,4031,ADHAFERA
-0.432166,0.208258,-0.877417,89388,3.39,4050,q CAR
-0.907479,0.418193,0.039953,89688,6.66,4064,RS SEX
-0.681973,0.309608,0.662613,89758,3.06,4069,TANIA AUSTRALIS;UMA MU
-0.877905,0.381306,-0.289635,90432,3.83,4094,HYA MU
-0.897182,0.332842,-0.290312,92214,4.91,4171,HYA PHI
-0.915400,0.290277,-0.278893,93813,3.11,4232,HYA NU
-0.699044,0.207138,0.684420,94334,4.66,4248,UMA OMEGA
-0.916842,0.246614,-0.313978,95272,4.08,4287,ALKES
-0.535916,0.138997,0.832751,95418,2.34,4295,MERAK;UMA BETA
-0.459109,0.115042,0.880900,95689,1.81,4301,DUBHE;UMA ALPHA
-0.864123,0.207620,-0.458460,96314,5.69,4317,HYA CHI
-0.696134,0.155399,0.700891,96833,3.00,4335,UMA PSI
-0.917811,0.186285,0.350600,97603,2.56,4357,ZOSMA
-0.944807,0.191190,0.266057,97633,3.33,4359,CHERTANs
-0.838225,0.154662,0.522933,98231,4.41,4375,UMA XI
-0.824062,0.150949,0.546018,98262,3.49,4377,ALULA BOREALIS;UMA NU
-0.350223,0.043925,0.935636,100029,3.82,4434,GIAUSAR
-0.843478,0.099816,-0.527809,100407,3.54,4450,HYA XI
-0.818640,0.070853,-0.569920,101431,4.70,4494,HYA OMICRON
-0.670744,0.040871,0.740562,102224,3.69,4518,UMA CHI
-0.966729,0.046162,0.251602,102647,2.14,4534,DENEBOLA
-0.998700,0.040600,0.030807,102870,3.59,4540,ZAVIJAVA
-0.829536,0.025673,-0.557863,103192,4.29,4552,HYA BETA
-0.591873,0.015941,0.805874,103287,2.41,4554,PHECDA;UMA GAMMA
-0.542930,-0.036595,0.838980,106591,3.32,4660,MEGREZ;UMA DELTA
-0.951229,-0.065715,-0.301404,106625,2.58,4662,GIENAH
-0.996163,-0.086743,-0.011637,107259,3.89,4689,ZANIAH
-0.449406,-0.052393,-0.891790,108248,0.77,4730,ACRUX
-0.950616,-0.124587,-0.284268,108767,2.94,4757,ALGORAB
-0.537978,-0.073611,-0.839739,108903,1.59,4763,GACRUX
-0.742485,-0.110142,0.660746,109358,4.24,4785,CHARA
-0.688093,-0.137278,0.712519,110914,5.42,4846,Y CVN
-0.544292,-0.130741,0.828645,112185,1.76,4905,ALIOTH;UMA EPSILON
-0.761248,-0.189909,0.620029,112413,2.89,4915,COR CAROLI
-0.945851,-0.263105,0.190108,113226,2.85,4932,VINDEMIATRIX
-0.878265,-0.272938,-0.392626,114149,4.94,4958,HYA PSI
-0.865360,-0.310359,-0.393483,115659,2.99,5020,HYA GAMMA
-0.536543,-0.205755,0.818405,116656,2.23,5054,MIZAR;UMA ZETA
-0.914080,-0.356354,-0.193571,116658,0.98,5056,SPICA
-0.851350,-0.430362,0.299986,120136,4.50,5185,BOO TAU
-0.581457,-0.294806,0.758286,120315,1.85,5191,ALKAID;UMA ETA;BENETNASCH
-0.854516,-0.442364,0.272243,120477,4.05,5200,BOO UPSILON
-0.832538,-0.455260,0.315626,121370,2.68,5235,MUPHRID;BOO ETA
-0.761087,-0.468092,-0.449039,123123,3.25,5287,HYA PI
-0.685294,-0.422786,-0.592979,123139,2.06,5288,MENKENT
-0.370316,-0.223368,0.901650,123299,3.67,5291,THUBAN
-0.516566,-0.340233,0.785749,124675,4.53,5329,BOO KAPPA
-0.824461,-0.556183,-0.104520,124850,4.07,5338,SYRMA
-0.783738,-0.527010,0.328657,124897,-0.05,5340,ARCTURUS;BOO ALPHA
-0.517337,-0.349499,0.781161,125161,4.75,5350,BOO IOTA
-0.574328,-0.388799,0.720405,125162,4.18,5351,BOO LAMBDA
-0.779050,-0.538627,-0.320876,125248,5.86,5355,CS VIRGO
-0.497820,-0.365687,0.786415,126660,4.04,5404,BOO THETA
-0.680262,-0.530672,0.505599,127665,3.57,5429,BOO RHO
-0.618178,-0.483318,0.619887,127762,3.04,5435,SEGINUS;BOO GAMMA
-0.677892,-0.542503,0.496138,128167,4.47,5447,BOO SIGMA
-0.373747,-0.312727,-0.873221,128620,-0.01,5459,RIGEL KENTAURUS
-0.732838,-0.618922,0.282639,129175,5.88,5476,BOO PI
-0.741022,-0.628145,0.237319,129247,4.43,5478,BOO ZETA
-0.676728,-0.585285,0.446633,129712,4.80,5490,W BOOTES
-0.718459,-0.631413,0.291778,129972,4.60,5502,BOO OMICRON
-0.669484,-0.587057,0.455143,129988,2.35,5505,BOO EPSILON;PULCHERRIMA
-0.706071,-0.651998,-0.276335,130841,2.75,5531,ZUBENELGENUBI
-0.692808,-0.642603,0.327228,131156,4.54,5544,BOO XI
-0.200728,-0.185075,0.962006,131873,2.07,5563,KOCHAB;UMI BETA
-0.291390,-0.285314,0.913065,132813,4.63,5589,RR UMI
-0.634891,-0.646682,0.422749,133124,4.80,5600,BOO OMEGA
-0.533970,-0.543118,0.647995,133208,3.49,5602,NEKKAR;BOO BETA
-0.617979,-0.642443,0.453176,133582,4.52,5616,BOO PSI
-0.577227,-0.655236,0.487314,135502,5.28,5676,BOO CHI
-0.549614,-0.629489,0.549243,135722,3.46,5681,BOO DELTA
-0.644001,-0.747452,-0.163031,135742,2.61,5685,ZUBENESCHAMALI
-0.498767,-0.618639,0.607057,137391,4.31,5733,ALKALUROPS;BOO MU
-0.199642,-0.239467,0.950157,137422,3.00,5735,PHERKAD;UMI GAMMA
-0.322816,-0.401967,0.856862,137759,3.29,5744,EDASICH
-0.538427,-0.688108,0.486419,137909,3.66,5747,NUSAKAN
-0.455459,-0.603227,0.654732,138629,4.98,5774,BOO NU
-0.529175,-0.719637,0.449552,139006,2.22,5793,ALPHECCA
-0.443006,-0.620074,0.647499,139641,5.25,5823,BOO PHI
-0.132245,-0.174571,0.975723,139669,5.00,5826,UMI THETA
-0.554721,-0.824476,0.111912,140573,2.63,5854,UNUKALHAI
-0.118180,-0.175304,0.977396,142105,4.29,5903,UMI ZETA
-0.450964,-0.825729,-0.338826,144217,2.56,5984,GRAFFIAS
-0.443921,-0.893747,-0.064427,146051,2.73,6056,YED PRIOR
-0.427809,-0.900159,-0.081810,146791,3.23,6075,YED POSTERIOR
-0.106414,-0.221875,0.969251,148048,4.95,6116,UMI ETA
-0.344816,-0.826412,-0.445135,148478,1.06,6134,ANTARES
-0.355252,-0.859998,0.366333,148856,2.78,6148,KORNEPHOROS
-0.109615,-0.340719,-0.933753,150798,1.91,6217,ATRIA
-0.043974,-0.131365,0.990358,153751,4.21,6322,UMI EPSILON
-0.188502,-0.981846,0.021127,156247,5.89,6414,U OPH
-0.101206,-0.789054,-0.605929,158408,2.70,6508,LESATH
-0.091637,-0.792262,-0.603260,158926,1.62,6527,SHAULA
-0.078672,-0.606426,0.791238,159181,2.79,6536,RASTABAN
-0.106544,-0.970234,0.217472,159561,2.08,6556,RASALHAGUE
-0.071821,-0.994234,0.079623,161096,2.76,6603,CEBALRAI
-0.035312,-0.797398,-0.602419,161892,3.19,6630,G SCO
-0.015433,-0.546287,0.837456,163588,3.73,6688,GRUMIUM
-0.009220,-0.622597,0.782488,164058,2.24,6705,ELTANIN
0.021853,-0.862028,-0.506390,165135,2.98,6746,ALNASL
-0.007201,-0.059107,0.998226,166205,4.35,6789,UMI DELTA
0.079356,-0.863885,-0.497398,168454,2.72,6859,KAUS MEDIA
0.069968,-0.805322,0.588695,168775,4.33,6872,LYR KAPPA
0.086882,-0.820682,-0.564741,169022,1.79,6879,KAUS AUSTRALIS
0.081418,-0.767236,0.636176,169702,5.11,6903,LYR MU
0.109957,-0.896458,-0.429270,169916,2.82,6913,KAUS BOREALIS
0.125089,-0.769422,0.626373,172167,0.03,7001,VEGA;LYR ALPHA
0.148253,-0.755971,0.637596,173608,5.37,7054,LYR EPSILON
0.153912,-0.777255,0.610070,173649,5.73,7057,LYR ZETA
0.182016,-0.823026,0.538051,174602,5.22,7102,LYR NU
0.181056,-0.815346,0.549937,174638,3.52,7106,SHELIAK;LYR BETA
0.214096,-0.870573,-0.443018,175191,2.05,7121,NUNKI
0.188398,-0.777190,0.600401,175588,4.22,7139,LYR DELTA
0.242197,-0.967454,0.073300,175638,4.62,7141,ALYA
0.172154,-0.699111,0.693979,175865,4.08,7157,R LYRAE
0.214075,-0.813927,0.540087,176437,3.25,7178,SULAFAT;LYR GAMMA
0.219191,-0.817836,0.532071,176670,4.94,7192,LYR LAMBDA
0.233879,-0.773399,0.589199,178475,5.25,7262,LYR IOTA
0.245306,-0.735722,0.631298,180163,4.43,7298,LYR ETA
0.118323,-0.361194,0.924953,180711,3.07,7310,ALTAIS
0.257278,-0.743306,0.617499,180809,4.35,7314,LYR THETA
0.196967,-0.563223,0.802486,181276,3.80,7328,CYG KAPPA
0.251822,-0.667854,-0.700398,181454,3.96,7337,ARKAB
0.271682,-0.708810,-0.650981,181869,3.96,7348,RUKBAT
-0.003136,-0.016499,0.999859,183030,6.31,7394,UMI LAMBDA
0.340583,-0.814974,0.468850,183912,3.05,7417,ALBIREO;CYG BETA
0.236290,-0.572532,0.785095,184006,3.76,7420,CYG IOTA
0.261372,-0.584015,0.768512,185395,4.49,7469,CYG THETA
0.363299,-0.784662,0.502314,185734,4.68,7478,CYG PHI
0.439560,-0.879127,0.184179,186791,2.72,7525,TARAZED
0.311959,-0.632772,0.708718,186882,2.86,7528,CYG DELTA
0.459202,-0.874855,0.154148,187642,0.76,7557,ALTAIR
0.389463,-0.743676,0.543383,187796,10.50,7564,CYG CHI
0.479173,-0.870596,0.111607,188512,3.71,7602,ALSHAIN
0.397684,-0.715183,0.574770,188947,3.89,7615,CYG ETA
0.294682,-0.533649,0.792705,189037,4.91,7619,CYG PSI
0.377320,-0.572063,0.728267,192577,3.80,7735,V695 CYG
0.553072,-0.804322,-0.217204,192947,3.58,7754,ALGEDI
0.558083,-0.789589,-0.255132,193495,3.05,7776,DABIH
0.325590,-0.441428,-0.836142,193924,1.94,7790,PEACOCK
0.443786,-0.620856,0.646213,194093,2.23,7796,SADR;CYG GAMMA
0.400577,-0.515893,0.757227,195774,5.44,7851,CYG OMEGA
0.159375,-0.204898,0.965721,196502,5.18,7879,AF DRA
0.455649,-0.536182,0.710558,197345,1.25,7924,DENEB;CYG ALPHA
0.550096,-0.620639,0.558751,197989,2.48,7949,CYG EPSILON
0.658924,-0.733896,-0.164973,198001,3.78,7950,ALBALI
0.536407,-0.598839,0.594693,198183,4.53,7963,CYG LAMBDA
0.525699,-0.538829,0.658259,199629,3.94,8028,CYG NU
0.477161,-0.477887,0.737524,200120,4.74,8047,V832 CYG
0.520107,-0.498194,0.693752,200905,3.72,8079,CYG XI
0.644461,-0.575525,0.503428,202109,3.21,8115,CYG ZETA
0.591622,-0.519802,0.616271,202444,3.74,8130,CYG TAU
0.751042,-0.653888,0.091468,202447,3.92,8131,KITALPHA
0.586355,-0.503385,0.634659,202850,4.22,8143,CYG SIGMA
0.623481,-0.532890,0.572101,202904,4.41,8146,CYG UPSILON
0.350861,-0.298141,0.887698,203280,2.45,8162,ALDERAMIN
0.793708,-0.600502,-0.097082,204867,2.90,8232,SADALSUUD
0.262845,-0.204141,0.942995,205021,3.23,8238,ALFIRK
0.562475,-0.416281,0.714376,205435,3.98,8252,CYG RHO
0.784971,-0.549188,-0.286729,206088,3.69,8278,NASHIRA
0.516663,-0.354779,0.779225,206672,4.69,8301,CYG PI
0.817201,-0.550246,0.171499,206778,2.38,8308,ENIF
0.727184,-0.489853,0.480883,206827,6.08,8310,CYG MU
0.803466,-0.526584,-0.277760,207098,2.85,8322,DENEB ALGEDI
0.878353,-0.477980,-0.005582,209750,2.95,8414,SADALMELIK
0.602936,-0.319806,-0.730885,209952,1.73,8425,AL NA'IR
0.882221,-0.458292,0.107961,210418,3.52,8450,BIHAM
0.892086,-0.431094,-0.135426,211391,4.17,8499,ANCHA
0.909069,-0.415941,-0.024212,212061,3.86,8518,SADACHBIA
0.925074,-0.330036,0.187919,214923,3.41,8634,HOMAM
0.815778,-0.284874,0.503341,215182,2.93,8650,MATAR
0.867144,-0.273403,0.416308,216131,3.51,8684,SADALBARI
0.923271,-0.270637,-0.272629,216627,3.27,8709,SKAT
0.837332,-0.233601,-0.494273,216956,1.17,8728,FOMALHAUT
0.855851,-0.214292,0.470742,217906,2.44,8775,SCHEAT
0.937097,-0.230345,0.262279,218045,2.49,8781,MARKAB
0.213321,-0.019273,0.976792,222404,3.21,8974,ERRAI
0.519407,-0.029366,0.854022,223165,4.88,9008,CAS TAU
0.537147,-0.013165,0.843386,224014,4.51,9045,CAS RHO
0.118544,-0.001832,0.992947,224309,6.57,9056,V CEP
0.562728,-0.002434,0.826638,224572,4.88,9071,CAS SIGMA
