0.512379,0.020508,0.858515,432,2.28,21,CAPH;CAS BETA
0.752989,0.044458,0.656529,905,5.71,41,
0.450342,0.065296,0.890465,2905,4.17,130,CAS KAPPA
0.581589,0.094643,0.807958,3360,3.69,153,CAS ZETA
0.542802,0.096948,0.834246,3712,2.24,168,SCHEDAR;CAS ALPHA
0.892258,0.186971,0.410996,4502,4.08,215,
0.917780,0.222827,0.328676,5267,5.80,254,
0.474230,0.119797,0.872212,5394,2.15,264,CAS GAMMA
0.953409,0.268639,0.137273,6186,4.27,294,
0.942682,0.287167,-0.169962,6706,5.71,329,
0.544153,0.174444,0.820650,6961,4.34,343,CAS THETA
0.462045,0.181562,0.868072,8538,2.66,403,RUCHBAH;CAS DELTA
0.010128,0.007897,0.999918,8890,1.97,424,POLARIS;UMI ALPHA
0.881892,0.386337,-0.270203,9672,5.62,451,
0.884186,0.392621,0.253107,9766,6.23,455,
0.389424,0.212309,0.896255,11415,3.35,542,CAS EPSILON
0.695923,0.386367,0.605319,11749,5.69,557,
0.364658,0.216679,0.905580,12279,6.00,586,
0.747019,0.502760,0.434966,13871,5.79,656,
0.721208,0.500086,0.479346,14252,5.29,675,
0.305802,0.232677,0.923226,15089,4.46,707,CAS IOTA
0.744590,0.574652,0.339647,15550,6.14,729,
0.580304,0.496717,0.645383,16739,4.91,788,
0.561650,0.470440,-0.680614,16754,4.74,789,
0.547276,0.541389,0.638269,18411,4.68,879,
0.580290,0.575558,0.576191,18449,4.94,882,
0.699447,0.697710,0.154838,18604,4.71,896,
0.624147,0.654531,0.426651,19134,5.45,927,
0.644569,0.693345,0.322184,19460,6.24,940,
0.501324,0.639111,-0.583277,21574,5.71,1054,
0.553764,0.815216,-0.169611,23249,3.52,1136,
0.171556,0.270219,0.947391,23401,4.59,1148,
0.483604,0.870146,0.094728,25558,5.32,1253,
0.330050,0.661988,-0.672933,26967,3.85,1326,
0.366424,0.845810,0.387736,28024,4.28,1392,
0.337013,0.757265,-0.559439,28028,3.97,1393,
0.220587,0.546181,0.808101,28446,5.78,1417,
0.356457,0.932480,-0.058478,29248,3.93,1463,
0.238897,0.756662,0.608598,30504,4.89,1533,
0.159785,0.569281,0.806466,31278,4.43,1568,
0.199017,0.746726,0.634659,31761,5.95,1599,
0.034549,0.126399,-0.991378,34172,5.84,1716,
0.129146,0.926117,-0.354442,36079,2.81,1829,NIHAL
0.080213,0.857955,0.507425,37269,5.40,1914,
0.033017,0.476376,0.878622,37638,6.17,1943,
0.020600,0.192779,-0.981026,38602,6.04,1991,
0.025795,0.885729,0.463486,39357,4.56,2034,
-0.014197,0.941419,0.336941,41040,5.14,2130,
-0.022488,0.782472,0.622279,41357,5.35,2143,
-0.023046,0.410574,0.911536,41927,5.36,2165,
-0.049486,0.919797,0.389261,42543,6.51,2197,
-0.059932,0.921888,0.382794,42995,3.31,2216,GEM ETA
-0.092391,0.919155,0.382907,44478,2.87,2286,GEM MU
-0.063872,0.551374,0.831809,44691,5.53,2291,
-0.063222,0.602741,-0.795428,45348,-0.62,2326,CANOPUS
-0.141907,0.981617,0.127635,46300,4.47,2385,
-0.078171,0.470994,0.878666,46480,5.94,2394,
-0.157142,0.946359,0.282332,47105,1.93,2421,ALHENA;GEM GAMMA
-0.150462,0.931989,-0.329785,47205,3.95,2429,
-0.172484,0.888755,0.424692,48329,3.06,2473,MEBSUTA;GEM EPSILON
-0.191381,0.955805,0.223183,48737,3.35,2484,GEM XI
-0.189359,0.807510,0.558634,50019,3.60,2540,GEM THETA
-0.128005,0.579125,-0.805127,50337,4.41,2554,
-0.175617,0.683752,0.708267,50973,4.90,2585,
-0.258491,0.899851,0.351356,52973,4.01,2650,GEM ZETA
-0.263867,0.822592,0.503703,54719,4.41,2697,GEM TAU
-0.283683,0.867419,0.408788,55052,5.85,2706,
-0.320362,0.903503,0.284693,56537,3.58,2763,GEM LAMBDA
-0.317623,0.871206,0.374321,56986,3.50,2777,WASAT;GEM DELTA
-0.260423,0.729755,-0.632169,57240,5.24,2791,
-0.323228,0.823427,0.466360,58207,3.78,2821,GEM IOTA
-0.322244,0.786591,0.526720,58946,4.16,2852,GEM RHO
-0.373508,0.904001,0.208025,59294,4.55,2864,
-0.340606,0.777765,0.528270,60178,2.88,2890,CASTOR;GEM ALPHA
-0.362465,0.814849,0.452372,60522,4.06,2905,GEM UPSILON
-0.421621,0.891462,-0.165927,61935,3.94,2970,
-0.400822,0.817747,0.413075,62345,3.57,2985,GEM KAPPA
-0.391537,0.791148,0.469877,62509,1.16,2990,POLLUX;GEM BETA
-0.349464,0.706659,-0.615230,63032,3.62,3017,
-0.316857,0.587836,-0.744346,64760,4.22,3090,
-0.458729,0.780874,0.424033,65856,6.32,3132,
-0.362782,0.572269,-0.735457,68243,4.27,3206,
-0.298198,0.387683,0.872227,71369,3.35,3323,MUSCIDA;UMA OMICRON
-0.583893,0.750070,0.310586,72094,5.33,3357,
-0.499074,0.631009,0.593930,72291,6.20,3365,
-0.278780,0.331605,0.901288,73108,4.59,3403,UMA PI
-0.631779,0.768751,0.099386,73262,4.14,3410,HYA DELTA
-0.637539,0.768210,0.058287,73471,4.45,3418,HYA SIGMA
-0.627693,0.747888,-0.216020,73840,4.98,3431,
-0.652353,0.755593,0.059283,74280,4.30,3454,HYA ETA
-0.660987,0.742022,0.111797,74874,3.38,3482,HYA EPSILON
-0.123899,0.145934,-0.981505,75416,5.46,3502,
-0.298759,0.307691,0.903365,75958,5.57,3531,
-0.689030,0.717293,0.103583,76294,3.11,3547,HYA ZETA
-0.686370,0.713909,-0.138674,76370,6.67,3553,
-0.471134,0.474377,0.743639,76644,3.12,3569,TALITHA;UMA IOTA
-0.528751,0.525779,0.666317,76943,3.96,3579,
-0.601652,0.594335,0.533649,77104,5.89,3587,
-0.488377,0.473163,0.733216,77327,3.57,3594,UMA KAPPA
-0.718677,0.645411,0.258742,79096,6.49,3650,
-0.749393,0.660893,0.040394,79469,3.89,3665,HYA THETA
-0.747884,0.646185,-0.152033,79931,5.49,3683,
-0.552575,0.429137,0.714495,81688,5.40,3743,
-0.777933,0.610046,-0.150548,81797,1.99,3748,ALPHARD;HYA ALPHA
-0.806341,0.579351,0.119024,83240,5.00,3827,
-0.818627,0.573979,-0.019942,83618,3.90,3845,HYA IOTA
-0.794399,0.554663,-0.247544,83754,5.07,3849,HYA KAPPA
-0.435081,0.274529,0.857519,84999,3.78,3888,UMA UPSILON
-0.497844,0.310767,0.809676,85235,4.55,3894,UMA PHI
-0.818568,0.514094,-0.256231,85444,4.11,3903,HYA UPSIL1
-0.841866,0.494794,0.215499,86360,5.26,3937,
-0.857965,0.494280,0.139938,86663,4.68,3950,
-0.854288,0.468073,-0.226051,87504,4.60,3970,HYA UPSIL2
-0.867630,0.448825,-0.213948,88284,3.61,3994,HYA LAMBDA
-0.659782,0.317891,0.680906,89021,3.45,4033,TANIA BOREALIS;UMA LAMBDA
-0.892963,0.427685,-0.140364,89254,5.25,4042,
-0.681973,0.309608,0.662613,89758,3.06,4069,TANIA AUSTRALIS;UMA MU
-0.761972,0.331653,0.556241,90277,4.72,4090,
-0.877905,0.381306,-0.289635,90432,3.83,4094,HYA MU
-0.761622,0.301872,0.573415,91365,5.57,4137,
-0.915400,0.290277,-0.278893,93813,3.11,4232,HYA NU
-0.535916,0.138997,0.832751,95418,2.34,4295,MERAK;UMA BETA
-0.459109,0.115042,0.880900,95689,1.81,4301,DUBHE;UMA ALPHA
-0.969883,0.243571,-0.000015,95849,5.95,4306,
-0.090923,0.024688,-0.995552,96124,6.19,4312,
-0.696134,0.155399,0.700891,96833,3.00,4335,UMA PSI
-0.824062,0.150949,0.546018,98262,3.49,4377,ALULA BOREALIS;UMA NU
-0.980205,0.167825,0.105038,98664,4.05,4386,
-0.866024,0.105292,-0.488790,100287,5.64,4444,
-0.843478,0.099816,-0.527809,100407,3.54,4450,HYA XI
-0.670744,0.040871,0.740562,102224,3.69,4518,UMA CHI
-0.829536,0.025673,-0.557863,103192,4.29,4552,HYA BETA
-0.591873,0.015941,0.805874,103287,2.41,4554,PHECDA;UMA GAMMA
-0.632657,-0.023085,-0.774088,105435,2.58,4621,
-0.542930,-0.036595,0.838980,106591,3.32,4660,MEGREZ;UMA DELTA
-0.926384,-0.120811,0.356676,108765,5.68,4756,
-0.341810,-0.050297,0.938422,109387,3.85,4787,
-0.919625,-0.158527,0.359387,110024,5.49,4815,
-0.493796,-0.104334,-0.863296,111123,1.25,4853,
-0.931234,-0.215867,0.293606,111862,6.32,4884,
-0.544292,-0.130741,0.828645,112185,1.76,4905,ALIOTH;UMA EPSILON
-0.921846,-0.252017,0.294427,113095,5.97,4929,
-0.865360,-0.310359,-0.393483,115659,2.99,5020,HYA GAMMA
-0.536543,-0.205755,0.818405,116656,2.23,5054,MIZAR;UMA ZETA
-0.908738,-0.372781,0.187697,117304,5.65,5081,
-0.917283,-0.381961,-0.112688,117436,6.10,5088,
-0.712483,-0.298932,-0.634829,117440,3.90,5089,
-0.904424,-0.388422,-0.176482,117818,5.21,5100,
-0.892908,-0.424050,-0.151314,119149,5.03,5150,
-0.898859,-0.433871,0.061712,119425,5.35,5159,
-0.851350,-0.430362,0.299986,120136,4.50,5185,BOO TAU
-0.581457,-0.294806,0.758286,120315,1.85,5191,ALKAID;UMA ETA;BENETNASCH
-0.854516,-0.442364,0.272243,120477,4.05,5200,BOO UPSILON
-0.832538,-0.455260,0.315626,121370,2.68,5235,MUPHRID;BOO ETA
-0.784812,-0.453131,-0.422779,122066,5.77,5257,
-0.603240,-0.354361,-0.714514,122223,4.34,5260,
-0.761087,-0.468092,-0.449039,123123,3.25,5287,HYA PI
-0.516566,-0.340233,0.785749,124675,4.53,5329,BOO KAPPA
-0.783738,-0.527010,0.328657,124897,-0.05,5340,ARCTURUS;BOO ALPHA
-0.574328,-0.388799,0.720405,125162,4.18,5351,BOO LAMBDA
-0.497820,-0.365687,0.786415,126660,4.04,5404,BOO THETA
-0.680262,-0.530672,0.505599,127665,3.57,5429,BOO RHO
-0.618178,-0.483318,0.619887,127762,3.04,5435,SEGINUS;BOO GAMMA
-0.677892,-0.542503,0.496138,128167,4.47,5447,BOO SIGMA
-0.141306,-0.127078,-0.981776,129078,3.83,5470,
-0.732838,-0.618922,0.282639,129175,5.88,5476,BOO PI
-0.741021,-0.628146,0.237319,129246,3.78,5477,BOO ZETA
-0.614455,-0.538799,-0.576316,129685,4.92,5489,
-0.669484,-0.587057,0.455143,129988,2.35,5505,BOO EPSILON;PULCHERRIMA
-0.061038,-0.067283,-0.995865,131596,5.88,5557,
-0.200728,-0.185075,0.962006,131873,2.07,5563,KOCHAB;UMI BETA
-0.699104,-0.688350,-0.193460,132230,6.61,5578,
-0.548376,-0.546542,0.632911,132772,5.64,5588,
-0.701482,-0.712683,-0.002448,132933,5.71,5594,
-0.533970,-0.543118,0.647995,133208,3.49,5602,NEKKAR;BOO BETA
-0.658924,-0.698177,-0.279942,133774,5.19,5622,
-0.460449,-0.482808,0.744904,133962,5.59,5627,
-0.316973,-0.367698,-0.874258,135240,5.04,5664,
-0.549614,-0.629489,0.549243,135722,3.46,5681,BOO DELTA
-0.425902,-0.517303,-0.742297,136351,4.99,5698,
-0.423387,-0.512816,-0.746835,136352,5.65,5699,
-0.498767,-0.618639,0.607057,137391,4.31,5733,ALKALUROPS;BOO MU
-0.199642,-0.239467,0.950157,137422,3.00,5735,PHERKAD;UMI GAMMA
-0.523042,-0.710876,-0.470194,138688,5.13,5775,
-0.582016,-0.792341,0.182902,138917,3.80,5788,
-0.523804,-0.750032,-0.403834,139663,4.97,5824,
-0.492788,-0.798938,-0.344758,142096,5.04,5902,
-0.118180,-0.175304,0.977396,142105,4.29,5903,UMI ZETA
-0.380672,-0.630489,0.676441,142926,5.73,5938,
-0.259465,-0.465866,-0.845959,143474,4.63,5961,
-0.339734,-0.605383,0.719787,144206,4.72,5982,
-0.298856,-0.607729,-0.735765,145842,5.13,6045,
-0.368324,-0.744265,0.557141,146362,6.66,6064,
-0.106414,-0.221875,0.969251,148048,4.95,6116,UMI ETA
-0.310018,-0.761406,-0.569342,148703,4.24,6143,
-0.043974,-0.131365,0.990358,153751,4.21,6322,UMI EPSILON
-0.091141,-0.401056,0.911508,155763,3.17,6396,
-0.176371,-0.966108,0.188491,156681,5.03,6433,
-0.062152,-0.691793,0.719417,160762,3.82,6588,
-0.000828,-0.914847,-0.403801,163955,4.74,6700,
-0.007201,-0.059107,0.998226,166205,4.35,6789,UMI DELTA
0.062046,-0.933209,-0.353936,167264,5.29,6822,
0.061563,-0.798767,-0.598482,167618,3.10,6832,
0.076088,-0.907166,0.413836,168532,5.30,6860,
0.093648,-0.854231,-0.511389,169233,5.58,6888,
0.188398,-0.777190,0.600401,175588,4.22,7139,LYR DELTA
0.075396,-0.311671,0.947194,176524,4.82,7180,
0.282737,-0.939779,0.192030,178125,5.07,7248,
0.166653,-0.572510,0.802782,178207,5.40,7251,
0.196967,-0.563223,0.802486,181276,3.80,7328,CYG KAPPA
0.332695,-0.918362,0.214303,181333,5.53,7331,
0.344415,-0.938688,-0.015571,181440,5.46,7336,
0.092729,-0.271012,0.958099,181984,4.45,7352,
0.354445,-0.911892,0.206936,182572,5.17,7373,
0.341548,-0.863546,-0.370990,182629,5.57,7375,
0.340583,-0.814974,0.468850,183912,3.05,7417,ALBIREO;CYG BETA
0.236290,-0.572532,0.785095,184006,3.76,7420,CYG IOTA
0.321438,-0.759360,0.565730,184171,4.74,7426,
0.261372,-0.584015,0.768512,185395,4.49,7469,CYG THETA
0.311959,-0.632772,0.708718,186882,2.86,7528,CYG DELTA
0.389463,-0.743676,0.543383,187796,10.50,7564,CYG CHI
0.397684,-0.715183,0.574770,188947,3.89,7615,CYG ETA
0.323982,-0.553546,0.767217,190147,5.06,7660,
0.318421,-0.512631,-0.797382,190421,4.93,7673,
0.484925,-0.730964,0.480145,192518,5.19,7731,
0.510725,-0.751618,0.417409,192944,5.30,7753,
0.553072,-0.804322,-0.217204,192947,3.58,7754,ALGEDI
0.445529,-0.649543,0.616114,193237,4.77,7763,
0.561724,-0.797302,-0.220852,193432,4.77,7773,
0.443786,-0.620856,0.646213,194093,2.23,7796,SADR;CYG GAMMA
0.607800,-0.769521,0.196003,195810,4.03,7852,
0.582194,-0.702928,0.408585,196740,5.06,7894,
0.265988,-0.303410,-0.914983,197051,3.42,7913,
0.404698,-0.465402,-0.787159,197157,4.51,7920,
0.455649,-0.536182,0.710558,197345,1.25,7924,DENEB;CYG ALPHA
0.550096,-0.620639,0.558751,197989,2.48,7949,CYG EPSILON
0.466223,-0.511106,-0.722085,198048,4.90,7952,
0.607505,-0.650736,0.455500,198809,4.56,7995,
0.525699,-0.538829,0.658259,199629,3.94,8028,CYG NU
0.520107,-0.498194,0.693752,200905,3.72,8079,CYG XI
0.567866,-0.534803,0.625711,201092,6.05,8086,
0.633718,-0.587611,0.503106,201433,5.60,8094,
0.644461,-0.575525,0.503428,202109,3.21,8115,CYG ZETA
0.591622,-0.519802,0.616271,202444,3.74,8130,CYG TAU
0.586355,-0.503385,0.634659,202850,4.22,8143,CYG SIGMA
0.778135,-0.625294,-0.059275,203843,6.38,8192,
0.824335,-0.565657,0.022430,206445,5.66,8287,
0.835923,-0.546842,0.046865,207203,5.63,8328,
0.544913,-0.357963,0.758243,207330,4.23,8335,CYG PI
0.859528,-0.490495,0.143616,209167,5.65,8393,
0.374578,-0.208090,0.903543,209790,4.26,8417,
0.741146,-0.388995,0.547162,210354,5.58,8449,
0.268954,-0.140298,0.952880,210807,4.79,8468,
0.853161,-0.381387,0.355895,212395,6.20,8532,
0.910494,-0.404833,-0.084321,212404,5.79,8533,
0.932567,-0.360991,-0.002048,213998,4.04,8597,
0.933753,-0.350245,-0.073721,214376,5.04,8610,
0.687604,-0.151314,-0.710144,218670,3.88,8820,
0.980414,-0.175531,-0.089317,219877,5.56,8868,
0.966482,-0.130870,0.220876,221115,4.54,8923,
0.712666,-0.061074,0.698840,222439,4.15,8976,
0.947840,-0.076365,-0.309463,222547,5.36,8980,
0.433665,-0.004574,-0.901063,224392,5.00,9062,
0.605344,-0.002830,-0.795959,224554,5.13,9069,
